-90.4115
-89.9415
-91.162
-89.9246
-90.6382
-89.8119
-93.0895
-89.4869
-92.1272
-89.9801
-93.4011
-90.7278
-96.152
-90.4423
-92.6265
-90.0779
-99.0681
-90.0972
-94.2954
-90.0405
-96.0317
-90.129
-96.8771
-90.0519
-92.4761
-90.0652
-95.7434
-90.0641
-92.4513
-90.0049
-99.4819
-89.9999
-97.3909
-89.9899
-95.75
-89.9217
-100.895
-89.9497
-91.0625
-89.9273
-87.1984
-89.8831
-89.3246
-89.9617
-94.1417
-89.893
-94.8017
-89.9384
-95.6009
-89.7013
-89.7039
-89.9242
-89.8535
-89.8691
-89.2308
-89.4828
-88.7851
-87.946
-88.8346
-85.6201
-87.9199
-84.9376
-84.1966
-86.2471
-79.5756
-86.3946
-82.1654
-84.4212
-87.2646
-85.477
-86.9214
-76.473
-82.6921
-79.1233
-75.3059
