187950 210 447 1
187530 210 446 1
188370 210 448 1
187110 210 445 1
188790 210 449 1
186690 210 444 1
189210 210 450 1
186270 210 443 1
189630 210 451 1
185850 210 442 1
190050 210 452 1
185430 210 441 1
190470 210 453 1
185010 210 440 1
190890 210 454 1
184590 210 439 1
191310 210 455 1
184170 210 438 1
191730 210 456 1
183750 210 437 1
192150 210 457 1
183330 210 436 1
192570 210 458 1
182910 210 435 1
192990 210 459 1
182490 210 434 1
193410 210 460 1
182070 210 433 1
193830 210 461 1
181650 210 432 1
194250 210 462 1
181230 210 431 1
194670 210 463 1
180810 210 430 1
195090 210 464 1
180390 210 429 1
195510 210 465 1
179970 210 428 1
195930 210 466 1
179550 210 427 1
196350 210 467 1
179130 210 426 1
196770 210 468 1
178710 210 425 1
197190 210 469 1
178290 210 424 1
197610 210 470 1
177870 210 423 1
198030 210 471 1
177450 210 422 1
177030 210 421 1
176610 210 420 1
176190 210 419 1
175770 210 418 1
175350 210 417 1
174930 210 416 1
174510 210 415 1
174090 210 414 1
173670 210 413 1
173250 210 412 1
172830 210 411 1
172410 210 410 1
171990 210 409 1
171570 210 408 1
171150 210 407 1
170730 210 406 1
170310 210 405 1
169890 210 404 1
169470 210 403 1
169050 210 402 1
168630 210 401 1
168210 210 400 1
167790 210 399 1
167370 210 398 1
166950 210 397 1
192580 220 458 2
192160 220 457 2
193000 220 459 2
191740 220 456 2
193420 220 460 2
191320 220 455 2
193840 220 461 2
190900 220 454 2
194260 220 462 2
190480 220 453 2
194680 220 463 2
190060 220 452 2
195100 220 464 2
189640 220 451 2
195520 220 465 2
189220 220 450 2
195940 220 466 2
188800 220 449 2
196360 220 467 2
188380 220 448 2
196780 220 468 2
187960 220 447 2
197200 220 469 2
187540 220 446 2
197620 220 470 2
187120 220 445 2
198040 220 471 2
186700 220 444 2
198460 220 472 2
186280 220 443 2
198880 220 473 2
185860 220 442 2
199300 220 474 2
185440 220 441 2
199719 219 475 2
199720 220 475 2
185020 220 440 2
200139 219 476 2
200140 220 476 2
184600 220 439 2
200559 219 477 2
200560 220 477 2
184180 220 438 2
200979 219 478 2
200980 220 478 2
183760 220 437 2
201399 219 479 2
201400 220 479 2
183340 220 436 2
201819 219 480 2
201820 220 480 2
182920 220 435 2
202239 219 481 2
202240 220 481 2
182500 220 434 2
202659 219 482 2
202660 220 482 2
182080 220 433 2
203079 219 483 2
203080 220 483 2
181660 220 432 2
203499 219 484 2
181240 220 431 2
180820 220 430 2
180400 220 429 2
179980 220 428 2
179560 220 427 2
179140 220 426 2
178720 220 425 2
178300 220 424 2
177880 220 423 2
177460 220 422 2
177040 220 421 2
176620 220 420 2
176200 220 419 2
175780 220 418 2
175360 220 417 2
174940 220 416 2
174520 220 415 2
174100 220 414 2
173680 220 413 2
173260 220 412 2
172840 220 411 2
172420 220 410 2
172000 220 409 2
171580 220 408 2
171160 220 407 2
170740 220 406 2
170320 220 405 2
169900 220 404 2
169480 220 403 2
169060 220 402 2
168640 220 401 2
168220 220 400 2
167800 220 399 2
167380 220 398 2
166960 220 397 2
166540 220 396 2
166120 220 395 2
165700 220 394 2
165280 220 393 2
164860 220 392 2
164439 219 391 2
164440 220 391 2
164020 220 390 2
163599 219 389 2
163600 220 389 2
163180 220 388 2
164019 219 390 2
162759 219 387 2
162760 220 387 2
162339 219 386 2
162340 220 386 2
161919 219 385 2
161499 219 384 2
161500 220 384 2
161079 219 383 2
160659 219 382 2
160239 219 381 2
159819 219 380 2
159399 219 379 2
158979 219 378 2
158559 219 377 2
158139 219 376 2
157719 219 375 2
157299 219 374 2
156879 219 373 2
156459 219 372 2
181229 209 431 3
180809 209 430 3
181649 209 432 3
180389 209 429 3
182069 209 433 3
179969 209 428 3
182489 209 434 3
179549 209 427 3
182909 209 435 3
179129 209 426 3
183329 209 436 3
178709 209 425 3
183749 209 437 3
178289 209 424 3
184169 209 438 3
177869 209 423 3
184589 209 439 3
177449 209 422 3
185009 209 440 3
177029 209 421 3
185429 209 441 3
176609 209 420 3
185849 209 442 3
176189 209 419 3
186269 209 443 3
175769 209 418 3
186689 209 444 3
175349 209 417 3
187109 209 445 3
174929 209 416 3
187529 209 446 3
174509 209 415 3
187949 209 447 3
174089 209 414 3
188369 209 448 3
173669 209 413 3
188789 209 449 3
173249 209 412 3
189209 209 450 3
172829 209 411 3
189629 209 451 3
172409 209 410 3
190049 209 452 3
171989 209 409 3
190469 209 453 3
171569 209 408 3
190889 209 454 3
244801 361 582 4
245221 361 583 4
245641 361 584 4
246061 361 585 4
246481 361 586 4
246901 361 587 4
247321 361 588 4
247741 361 589 4
248161 361 590 4
248581 361 591 4
249001 361 592 4
249421 361 593 4
249841 361 594 4
250261 361 595 4
250681 361 596 4
251101 361 597 4
251521 361 598 4
251941 361 599 4
252361 361 600 4
106656 396 253 5
106236 396 252 5
107076 396 254 5
106237 397 252 5
106657 397 253 5
107077 397 254 5
105816 396 251 5
105817 397 251 5
107496 396 255 5
107497 397 255 5
105396 396 250 5
105397 397 250 5
107916 396 256 5
107917 397 256 5
104976 396 249 5
104977 397 249 5
108336 396 257 5
108337 397 257 5
104556 396 248 5
104557 397 248 5
108756 396 258 5
108757 397 258 5
104136 396 247 5
104137 397 247 5
109176 396 259 5
109177 397 259 5
103716 396 246 5
103717 397 246 5
109596 396 260 5
109597 397 260 5
103296 396 245 5
103297 397 245 5
110016 396 261 5
110017 397 261 5
102876 396 244 5
102877 397 244 5
110436 396 262 5
110437 397 262 5
102456 396 243 5
102457 397 243 5
110856 396 263 5
110857 397 263 5
102036 396 242 5
102037 397 242 5
111276 396 264 5
111277 397 264 5
101616 396 241 5
101617 397 241 5
111696 396 265 5
111697 397 265 5
101196 396 240 5
101197 397 240 5
112116 396 266 5
112117 397 266 5
100776 396 239 5
100777 397 239 5
112536 396 267 5
100356 396 238 5
100357 397 238 5
112956 396 268 5
112957 397 268 5
99936 396 237 5
99937 397 237 5
113376 396 269 5
113377 397 269 5
99516 396 236 5
99517 397 236 5
113796 396 270 5
99096 396 235 5
99097 397 235 5
114216 396 271 5
98676 396 234 5
98677 397 234 5
114636 396 272 5
98256 396 233 5
98257 397 233 5
115056 396 273 5
97836 396 232 5
97837 397 232 5
115476 396 274 5
97416 396 231 5
97417 397 231 5
115896 396 275 5
96996 396 230 5
96997 397 230 5
116316 396 276 5
96576 396 229 5
96577 397 229 5
116736 396 277 5
96156 396 228 5
96157 397 228 5
117156 396 278 5
95736 396 227 5
95737 397 227 5
117576 396 279 5
95316 396 226 5
95317 397 226 5
94896 396 225 5
94897 397 225 5
94476 396 224 5
94477 397 224 5
94056 396 223 5
94057 397 223 5
93636 396 222 5
93637 397 222 5
93216 396 221 5
93217 397 221 5
92796 396 220 5
92797 397 220 5
92376 396 219 5
92377 397 219 5
91956 396 218 5
91957 397 218 5
235928 308 561 6
236348 308 562 6
236768 308 563 6
237188 308 564 6
237608 308 565 6
238028 308 566 6
238448 308 567 6
238868 308 568 6
239288 308 569 6
239708 308 570 6
240128 308 571 6
240548 308 572 6
240968 308 573 6
241388 308 574 6
241808 308 575 6
242228 308 576 6
242648 308 577 6
243068 308 578 6
243488 308 579 6
243908 308 580 6
244328 308 581 6
244748 308 582 6
245168 308 583 6
245588 308 584 6
246008 308 585 6
246428 308 586 6
246848 308 587 6
247268 308 588 6
247688 308 589 6
248108 308 590 6
248528 308 591 6
248948 308 592 6
249368 308 593 6
249788 308 594 6
250208 308 595 6
250628 308 596 6
251048 308 597 6
251468 308 598 6
251888 308 599 6
252308 308 600 6
243949 349 580 7
244369 349 581 7
244789 349 582 7
245209 349 583 7
245629 349 584 7
246049 349 585 7
246469 349 586 7
246889 349 587 7
247309 349 588 7
247729 349 589 7
248149 349 590 7
248569 349 591 7
248989 349 592 7
249409 349 593 7
249829 349 594 7
250249 349 595 7
250669 349 596 7
251089 349 597 7
251509 349 598 7
251929 349 599 7
252349 349 600 7
239724 324 570 8
240144 324 571 8
240564 324 572 8
240984 324 573 8
241404 324 574 8
241824 324 575 8
242244 324 576 8
242664 324 577 8
243084 324 578 8
243504 324 579 8
243924 324 580 8
244344 324 581 8
244764 324 582 8
245184 324 583 8
245604 324 584 8
246024 324 585 8
246444 324 586 8
246864 324 587 8
247284 324 588 8
247704 324 589 8
248124 324 590 8
248544 324 591 8
248964 324 592 8
249384 324 593 8
249804 324 594 8
250224 324 595 8
250644 324 596 8
251064 324 597 8
251484 324 598 8
251904 324 599 8
252324 324 600 8
138487 307 329 9
138067 307 328 9
137647 307 327 9
137227 307 326 9
136807 307 325 9
136387 307 324 9
135967 307 323 9
135547 307 322 9
135127 307 321 9
134707 307 320 9
134287 307 319 9
133867 307 318 9
133447 307 317 9
133027 307 316 9
132607 307 315 9
132187 307 314 9
131767 307 313 9
131347 307 312 9
130927 307 311 9
130507 307 310 9
130087 307 309 9
129667 307 308 9
129247 307 307 9
156888 228 373 10
156468 228 372 10
156048 228 371 10
155628 228 370 10
155208 228 369 10
154788 228 368 10
154368 228 367 10
153948 228 366 10
153528 228 365 10
153108 228 364 10
152688 228 363 10
152268 228 362 10
151848 228 361 10
151428 228 360 10
151008 228 359 10
150588 228 358 10
150168 228 357 10
149748 228 356 10
149328 228 355 10
148908 228 354 10
246350 230 586 11
245930 230 585 11
246770 230 587 11
245510 230 584 11
247190 230 588 11
245090 230 583 11
247610 230 589 11
244670 230 582 11
248030 230 590 11
244250 230 581 11
248450 230 591 11
243830 230 580 11
248870 230 592 11
243410 230 579 11
249290 230 593 11
242990 230 578 11
48122 242 114 12
47702 242 113 12
48542 242 115 12
47703 243 113 12
48123 243 114 12
48543 243 115 12
47282 242 112 12
47283 243 112 12
48962 242 116 12
46862 242 111 12
46863 243 111 12
49382 242 117 12
46443 243 110 12
46023 243 109 12
45603 243 108 12
45183 243 107 12
44763 243 106 12
44343 243 105 12
43923 243 104 12
43503 243 103 12
43083 243 102 12
42663 243 101 12
42243 243 100 12
41823 243 99 12
41403 243 98 12
40983 243 97 12
40563 243 96 12
40143 243 95 12
39723 243 94 12
39303 243 93 12
38883 243 92 12
31311 231 74 13
30891 231 73 13
31731 231 75 13
30471 231 72 13
32151 231 76 13
30051 231 71 13
32571 231 77 13
29631 231 70 13
32991 231 78 13
29211 231 69 13
33411 231 79 13
33831 231 80 13
34251 231 81 13
34671 231 82 13
35091 231 83 13
35511 231 84 13
137392 52 327 14
136971 51 326 14
137391 51 327 14
137811 51 328 14
136972 52 326 14
137812 52 328 14
136551 51 325 14
136552 52 325 14
138231 51 329 14
138232 52 329 14
136132 52 324 14
138651 51 330 14
138652 52 330 14
135712 52 323 14
139072 52 331 14
135292 52 322 14
139491 51 332 14
244370 350 581 15
244790 350 582 15
245210 350 583 15
245630 350 584 15
246050 350 585 15
246470 350 586 15
246890 350 587 15
247310 350 588 15
247730 350 589 15
248150 350 590 15
248570 350 591 15
248990 350 592 15
249410 350 593 15
249830 350 594 15
250250 350 595 15
250670 350 596 15
251090 350 597 15
251510 350 598 15
251930 350 599 15
252350 350 600 15
138483 303 329 16
138063 303 328 16
138484 304 329 16
137643 303 327 16
137223 303 326 16
136803 303 325 16
136383 303 324 16
135963 303 323 16
135543 303 322 16
135123 303 321 16
134703 303 320 16
134283 303 319 16
133863 303 318 16
133443 303 317 16
133023 303 316 16
132603 303 315 16
132183 303 314 16
131763 303 313 16
131343 303 312 16
130923 303 311 16
130503 303 310 16
130083 303 309 16
129663 303 308 16
129243 303 307 16
128823 303 306 16
128403 303 305 16
127983 303 304 16
127563 303 303 16
127143 303 302 16
126723 303 301 16
69986 266 166 17
69566 266 165 17
70406 266 167 17
69147 267 164 17
70826 266 168 17
68727 267 163 17
69146 266 164 17
68307 267 162 17
67887 267 161 17
67467 267 160 17
67047 267 159 17
66627 267 158 17
66207 267 157 17
65787 267 156 17
65367 267 155 17
64947 267 154 17
64527 267 153 17
64107 267 152 17
63687 267 151 17
63267 267 150 17
62847 267 149 17
62427 267 148 17
62007 267 147 17
61587 267 146 17
61167 267 145 17
60747 267 144 17
60327 267 143 17
59907 267 142 17
22908 228 54 18
22488 228 53 18
23328 228 55 18
22068 228 52 18
23748 228 56 18
21648 228 51 18
24168 228 57 18
21228 228 50 18
24588 228 58 18
20808 228 49 18
25008 228 59 18
20388 228 48 18
25428 228 60 18
19968 228 47 18
25848 228 61 18
19548 228 46 18
26268 228 62 18
26688 228 63 18
